188.863 150.007 448.759
159.931 123.223 292.968
158.207 124.148 265.107
187.378 156.183 448.56
160.583 131.68 264.352
160.639 131.769 263.889
160.573 131.809 263.635
159.93 130.715 263.125
159.603 130.667 263.079
158.279 130.028 264.601
158.745 128.068 266.338
158.643 127.618 266.894
159.932 123.071 292.78
163.914 119.38 260.536
159.254 124.415 271.662
188.305 154.171 449.011
187.28 155.621 448.144
160.241 123.989 273.889
159.489 124.836 275.452
158.988 124.149 275.004
159.339 124.579 276.191
159.485 123.427 275.467
159.871 122.887 292.616
159.083 123.969 275.905
159.106 124.073 276.219
160.131 124.404 276.307
159.423 123.868 276.352
187.231 156.02 448.553
159.254 124.669 277.235
158.184 125.756 277.314
158.281 125.327 278.76
158.761 124.079 279.143
157.657 123.926 280.684
187.646 155.989 448.407
158.115 123.606 283.612
156.694 122.718 284.665
157.217 122.894 286.257
156.381 120.99 285.905
187.246 156.043 448.929
156.98 120.951 287.561
157.72 121.495 288.138
160.933 118.088 281.975
158.766 121.235 288.69
159.791 122.407 292.324
158.417 120.789 289.12
157.891 121.037 289.348
157.645 121.24 290.146
157.086 121.245 290.239
157.313 121.1 290.466
158.021 120.79 290.639
187.341 156.21 449.28
157.442 120.953 291.304
155.763 120.937 291.94
159.802 122.176 292.151
154.844 120.481 291.875
154.9 120.687 292.254
154.908 120.65 292.349
154.995 120.425 291.888
154.869 120.768 292.406
154.764 120.682 292.073
154.863 120.843 292.03
187.151 155.867 449.277
154.822 120.957 291.896
154.885 121.091 291.873
159.756 122.069 292.088
154.607 119.608 292.763
154.358 119.599 290.97
154.32 119.37 292.51
154.374 118.838 290.086
154.362 119.034 290.382
154.192 118.963 290.488
154.497 120.094 289.549
187.2 156.053 449.31
154.564 119.007 288.362
159.669 121.76 292.281
154.045 119.928 288.881
154.034 119.828 288.589
154.236 119.768 288.227
154.349 119.673 287.604
154.508 119.755 287.137
154.547 119.855 286.707
154.117 118.532 285.686
154.187 118.605 285.309
155.239 119.096 284.851
187.239 156.333 449.35
159.423 124.057 272.6
157.904 123.826 282.343
157.209 121.066 290.923
154.262 119.329 292.729
159.593 121.548 292.351
151.909 112.65 286.332
152.301 119.729 293.189
151.6 120.952 296.767
238.385 137.975 421.997
238.226 137.358 422.35
236.024 140.19 423.26
247.195 134.537 413.96
242.761 143.629 423.903
184.809 155.63 457.627
187.87 155.854 448.872
214.328 148.992 396.275
187.795 156.2 448.501
159.403 122.139 293.832
161.706 125.385 289.884
160.688 127.255 273.104
155.499 119.277 284.435
155.427 119.192 283.745
155.544 119.323 283.434
155.57 119.492 283.135
155.577 119.472 282.383
155.578 119.55 282.297
152.609 113.916 283.593
152.227 113.656 283.669
151.858 113.558 284.149
151.182 114.59 284.774
160.938 122.899 292.837
187.154 156.124 449.637
151.918 114.595 285.605
152.395 113.573 284.707
152.467 113.373 285.823
152.399 113.185 285.923
152.293 113.025 286.105
151.568 112.648 286.364
151.244 112.66 286.851
151.019 112.641 287.35
187.737 155.981 448.286
160.873 122.293 292.799
150.914 112.467 287.486
186.994 155.704 449.344
150.966 112.34 287.901
150.954 112.487 288.763
152.772 115.555 289.779
153.811 116.837 290.504
153.352 117.128 290.876
152.573 118.324 293.382
153.069 118.98 291.939
152.68 119.356 292.421
160.293 123.18 293.913
152.558 119.406 292.481
187.093 156.138 449.777
152.077 119.767 293.481
152.026 119.749 293.688
152.023 119.674 293.498
152.026 119.637 293.543
152.003 119.636 293.722
151.932 119.817 293.882
151.885 119.802 294.139
160.067 123.139 293.706
151.802 119.944 294.468
151.769 120.199 294.737
151.71 120.531 295.391
188.177 155.278 449.143
187.071 156.025 449.638
151.631 120.383 295.456
151.604 120.711 295.836
151.639 120.935 296.284
151.686 120.95 297.153
160.205 121.899 293.266
154.409 121.975 302.944
154.386 121.973 303.898
154.255 122.086 304.601
155.88 123.629 300.757
155.789 122.975 300.595
186.939 155.861 449.776
155.295 123.383 299.795
155.507 121.7 299.119
154.924 120.948 297.794
154.902 119.507 296.71
187.688 156.241 448.545
154.403 119.164 295.983
154.155 118.835 295.517
154.13 117.473 294.728
238.82 138.248 421.34
238.112 137.617 422.587
186.998 156.062 450.003
238.041 137.704 423.408
238.002 137.825 424.064
238.103 138.024 424.224
159.491 122.704 293.913
238.326 138.192 424.196
238.481 138.4 424.347
238.682 138.785 424.149
238.772 138.911 423.619
238.919 139.066 423.395
238.886 138.998 422.946
238.836 138.807 422.382
186.864 155.579 449.772
238.841 138.353 422.145
238.452 137.761 421.991
158.828 123.448 293.342
237.991 136.907 422.179
237.712 136.483 422.973
237.71 136.072 423.313
236.637 135.352 426.745
235.841 132.317 423.17
235.267 135.528 428.203
234.332 135.738 428.481
186.959 156.016 450.013
234.011 136.098 428.612
158.577 123.257 293.298
233.846 136.765 428.611
233.67 138.423 427.665
234.085 139.09 426.559
234.523 139.707 426.124
234.981 140.124 425.509
235.481 140.407 424.867
235.79 140.369 424.153
236.316 140.101 422.613
186.87 156.235 450.413
159.504 123.463 293.824
236.493 140.482 422.122
236.765 140.449 421.138
236.965 140.405 420.437
239.296 138.508 417.572
240.013 137.577 417.545
240.311 136.968 417.707
240.756 136.618 417.647
243.504 135.459 415.34
244.327 134.23 413.35
245.079 133.821 412.858
158.911 123.947 293.536
186.779 156.252 450.772
245.593 133.635 412.954
246.259 134.154 413.51
247.749 136.026 415.795
246.843 137.483 419.088
246.533 138.623 420.525
246.437 139.444 421.199
246.245 139.757 421.566
245.329 140.284 422.198
160.976 124.015 293.901
158.808 123.909 293.788
244.466 140.604 422.65
186.675 156.461 451.465
243.571 141.162 423.459
242.961 141.884 424.188
242.615 142.178 424.155
242.473 142.448 423.946
242.517 142.534 423.685
242.643 143.031 423.887
242.669 143.435 424.106
160.317 122.114 293.896
242.784 143.895 423.98
242.987 144.185 424.192
186.366 156.137 451.491
243.264 144.495 423.977
243.402 145.032 423.832
243.641 145.419 423.648
243.689 144.897 423.6
243.679 143.953 423.04
186.342 156.415 451.86
188.108 155.64 449.165
160.271 121.683 293.411
186.211 156.313 452.383
186.153 156.145 452.388
185.911 155.619 452.787
185.856 155.918 454.339
185.512 155.69 455.494
184.379 155.847 459.301
183.772 155.714 460.481
183.409 155.694 461.332
182.593 156.289 462.474
160.268 121.268 293.324
187.955 155.746 448.947
182.35 156.007 462.642
182.184 155.976 462.57
182.126 156.142 462.789
181.982 155.807 462.843
182.226 155.878 463.569
182.221 155.393 463.614
182.338 155.352 464.332
182.328 155.351 464.528
182.3 155.396 464.759
160.629 120.168 293.548
182.169 155.374 465.105
182.071 154.672 464.953
182.139 154.828 465.292
181.976 154.517 465.062
181.777 154.593 465.299
181.724 154.901 465.933
181.776 154.715 465.758
181.749 154.734 465.709
181.985 154.641 465.238
187.647 156.055 448.078
182.276 154.464 464.762
182.919 154.716 464.923
187.961 156.326 448.842
183.667 155.143 464.411
213.915 145.458 385.535
214.179 147.119 389.672
214.237 148.22 392.964
214.077 148.474 394.864
214.721 149.323 397.685
160.624 120.107 292.573
215.055 149.014 398.258
215.703 149.101 399.415
215.965 149.207 400.917
187.877 155.842 448.297
216.437 149.405 402.18
216.547 149.587 403.064
216.583 149.755 403.985
216.358 149.556 404.077
216.385 149.662 404.725
216.284 149.177 404.894
161.649 120.518 292.935
216.208 148.822 404.839
215.707 147.763 404.53
163.127 114.197 286.721
161.492 125.575 290.695
161.899 125.864 291.048
162.025 124.851 291.39
162.393 124.9 291.88
162.731 124.824 291.855
162.761 125.439 293.846
161.635 120.948 293.362
162.154 125.137 293.246
161.81 123.858 293.1
161.927 123.842 293.627
161.863 123.881 293.872
161.558 124.044 293.92
161.293 121.954 293.472
160.576 123.943 293.903
161.251 122.141 294.377
161.134 122.249 294.514
160.919 122.439 293.967
160.768 122.646 294.169
160.174 122.327 293.709
187.666 156.482 448.383
160.328 121.825 293.129
161.024 122.61 293.735
161.948 122.715 293.018
160.331 123.852 293.781
161.932 122.23 292.564
161.841 122.002 292.457
155.538 129.819 295.257
161.168 123.417 292.838
161.851 124.483 292.035
162.171 125.372 294.002
161.865 125.253 291.203
187.633 156.6 448.621
162.152 125.157 290.826
162.478 125.458 290.72
160.109 123.887 294.05
161.629 125.344 289.221
161.057 126.491 289.532
160.892 126.691 288.873
160.836 126.816 287.813
160.747 126.791 287.412
161.76 126.468 286.364
160.456 126.967 285.772
187.389 155.983 448.163
160.376 126.982 284.912
160.011 123.729 293.74
160.34 126.942 283.591
160.533 126.811 282.288
160.655 126.904 281.446
160.535 126.994 280.434
160.378 126.743 279.171
160.266 126.459 277.972
160.123 126.33 277.223
160.746 127.211 273.073
187.509 156.311 448.521
160.052 123.57 293.345
160.811 126.958 271.892
160.775 126.824 272.174
159.759 126.289 271.389
160.04 127.359 271.883
159.754 127.314 271.917
159.454 126.877 271.186
158.869 126.743 271.251
158.642 126.506 270.991
158.401 126.261 270.667
158.064 126.093 270.438
160.04 123.352 292.99
187.417 156.249 448.656
157.798 125.848 269.307
157.692 125.734 268.897
157.715 125.611 268.757
158.029 124.98 268.264
158.181 124.812 267.921
158.088 124.687 267.588
158.028 124.472 266.934
158.034 124.191 266.183
158.124 124.302 265.865
163.588 128.637 287.172
163.554 129.097 287.05
163.591 129.137 286.372
163.727 129.209 286.295
163.731 129.254 285.907
163.79 129.374 286.01
163.768 129.473 285.71
163.739 129.581 285.55
163.854 129.634 285.042
163.801 130.446 284.376
163.758 130.746 283.736
163.739 131.088 283.721
163.591 131.125 283.786
163.316 131.012 283.545
163.159 130.723 283.182
162.905 130.322 283.299
162.917 130.219 283.304
162.804 129.939 283.284
162.721 130.028 283.409
162.651 130.034 283.447
162.477 129.691 282.945
162.335 129.343 282.309
162.193 129.019 282.21
162.017 128.097 281.063
161.959 127.134 279.977
161.945 126.7 280.104
161.614 125.881 279.7
160.988 125.082 279.658
160.067 123.998 278.467
158.779 123.362 278.228
158.133 122.305 277.473
157.646 121.447 277.112
157.668 119.914 275.481
157.955 118.722 274.181
159.59 116.336 272.782
159.572 115.598 272.495
159.223 114.868 271.627
160.161 110.563 272.255
161.131 111.241 273.69
161.454 111.242 274.064
161.944 111.175 274.624
163.081 110.761 275.907
163.206 110.754 275.885
153.737 99.888 279.298
153.092 98.871 278.626
152.627 98.437 278.727
152.198 97.708 277.985
151.763 97.153 278.2
150.887 95.082 278.094
150.874 94.408 278.556
151.195 94.018 278.7
152.043 93.016 279.28
152.833 92.718 279.956
153.515 92.295 280.494
159.078 90.736 287.858
160.716 90.745 288.746
162.039 90.878 289.636
164.753 91.857 291.53
165.935 92.623 292.292
167.581 93.813 292.847
173.659 98.343 295.884
174.145 98.158 295.941
174.256 98.216 296.577
175.57 100.741 308.249
174.905 102.38 313.418
201.562 136.97 376.405
202.434 136.256 373.204
175.772 107.809 309.273
175.838 107.763 308.369
210.172 140.655 365.42
175.766 108.234 308.806
210.186 141.48 364.864
174.649 104.659 301.802
174.413 103.775 300.293
174.264 103.548 300.191
174.11 103.214 299.851
202.096 142.635 368.793
173.947 103.036 299.712
173.881 102.84 299.631
201.697 142.394 368.799
173.875 102.336 298.787
173.862 101.93 298.316
201.428 142.631 369.386
173.847 101.9 298.311
173.828 101.763 298.189
162.829 130.011 283.256
158.005 118.17 273.37
151.633 93.447 278.681
209.718 139.666 366.216
201.108 142.836 369.335
203.717 142.311 378.307
168.948 111.717 317.96
170.068 108.589 313.686
170.056 106.119 302.639
169.593 106.795 294.137
170.276 102.142 291.154
170.27 102.363 289.423
170.494 103.494 289.571
169.702 104.377 288.536
221.56 149.165 387.732
230.24 134.715 346.055
224.7 152.841 362.232
173.866 101.653 298.262
173.99 101.456 298.164
201.063 143.161 370.006
174.027 101.586 298.613
174.059 101.468 298.336
201.194 143.151 371.025
174.041 101.337 298.421
174.05 101.321 298.499
201.267 143.033 371.136
174.073 101.029 298.092
174.075 100.786 297.862
202.11 142.872 373.81
174.122 101.049 298.181
174.024 100.864 297.928
202.392 142.812 376.094
202.708 142.573 376.877
203.259 142.309 377.693
204.19 142.631 379.115
205.841 142.132 375.015
206.44 143.11 373.982
206.548 144.04 373.471
206.072 144.504 373.165
205.486 144.763 373.166
204.526 143.945 371.877
166.594 111.34 313.488
166.882 111.192 313.698
167.068 111.109 313.856
167.319 111.285 314.458
168.0 111.442 314.47
168.075 111.222 314.516
168.543 111.751 315.734
168.719 111.674 315.993
168.719 111.637 316.142
168.857 111.933 317.374
169.121 111.724 318.673
169.208 111.573 318.852
169.335 111.665 319.422
169.321 111.529 319.548
169.422 111.577 319.836
169.473 111.322 319.832
169.512 111.147 319.548
169.664 111.459 320.325
169.957 111.923 320.975
170.163 111.738 320.745
170.269 111.409 320.098
170.235 110.737 318.525
170.211 110.603 318.057
170.161 110.484 317.71
169.974 109.459 315.487
170.036 109.009 314.829
170.066 108.712 313.945
170.106 108.586 313.647
170.096 108.619 313.388
170.045 108.46 312.974
170.018 108.344 312.273
169.851 107.398 309.966
169.9 107.343 309.543
170.064 107.261 309.222
170.189 107.208 308.583
170.472 106.899 307.093
170.512 106.802 306.551
170.574 106.56 305.863
170.638 106.729 305.732
170.793 107.127 306.27
170.654 107.016 305.83
170.445 106.108 304.145
170.252 106.237 303.497
170.158 106.13 302.899
169.964 105.59 301.423
169.799 105.65 300.912
169.725 105.635 300.804
169.785 105.891 300.712
169.814 106.133 300.818
169.742 105.833 299.719
169.728 105.649 299.352
169.69 105.546 298.657
169.685 105.501 298.451
169.775 105.372 297.815
169.877 105.669 297.833
169.767 105.639 297.019
169.696 106.807 296.504
169.653 106.95 295.948
168.929 104.008 288.335
169.546 106.675 294.438
169.572 106.856 294.284
169.764 106.829 293.908
169.786 106.991 294.014
169.82 106.962 293.609
169.88 106.712 293.106
169.924 106.662 292.919
169.89 106.439 292.484
169.8 106.346 292.497
169.88 106.51 292.773
170.116 106.246 292.192
170.14 105.974 291.982
170.147 105.829 291.848
170.061 105.408 291.221
170.06 105.225 291.156
170.036 104.996 291.361
169.973 104.804 291.182
170.11 103.124 291.566
170.25 102.247 290.935
170.311 101.975 291.216
170.349 101.826 291.344
170.388 101.532 290.887
170.404 101.55 290.88
170.314 101.609 290.992
170.266 101.581 290.845
170.123 101.593 290.482
170.249 101.716 290.497
170.266 101.741 290.345
170.408 101.886 290.09
170.657 101.653 289.96
170.623 101.634 289.976
170.535 101.628 289.831
170.489 101.795 290.116
170.23 102.001 289.732
170.147 102.095 289.546
170.2 102.172 289.403
170.278 102.406 289.212
170.278 102.482 289.229
170.187 102.815 289.775
170.098 102.715 289.277
170.226 102.841 289.513
170.204 103.12 289.785
170.289 103.366 289.589
170.371 103.412 289.869
170.393 103.531 289.918
170.408 103.513 289.814
170.527 103.495 289.876
170.522 103.555 289.977
170.485 103.762 290.087
170.568 103.911 290.172
170.596 103.983 290.27
170.591 103.765 289.706
170.652 103.63 289.706
170.427 103.462 289.649
170.28 103.462 289.558
170.294 103.5 289.518
169.961 103.561 289.41
169.957 103.703 289.659
169.981 103.684 289.441
169.94 103.647 289.408
170.002 103.619 289.137
170.172 103.606 289.034
170.281 103.543 288.944
170.362 103.461 288.99
170.374 103.501 288.947
170.13 103.649 288.983
170.093 103.746 289.138
170.035 103.949 289.175
169.9 104.048 288.761
169.765 104.266 288.836
170.146 103.697 282.561
169.416 104.481 287.941
169.232 104.69 287.568
169.262 104.898 287.258
169.331 105.086 286.817
169.353 105.051 286.031
169.322 104.999 285.812
169.204 105.3 285.196
169.146 107.02 281.047
168.983 107.092 280.364
224.651 146.469 384.885
224.803 146.367 385.086
224.912 146.124 385.114
224.902 146.075 385.707
224.767 146.687 387.351
222.709 148.0 389.028
221.948 148.789 388.56
221.338 149.493 386.926
221.134 150.191 386.718
220.83 150.084 385.763
220.921 149.962 385.18
221.63 149.876 384.913
222.953 149.519 385.138
224.593 149.417 385.498
227.165 148.463 386.591
228.559 148.302 387.418
230.023 147.776 387.67
230.743 147.113 386.733
238.574 131.671 351.675
234.434 129.266 346.565
232.936 130.188 346.292
231.743 130.93 345.724
230.62 132.511 345.945
230.17 133.742 345.844
230.546 135.417 346.166
231.145 136.01 346.025
233.162 136.968 346.457
235.326 137.62 346.682
239.827 138.199 347.06
242.802 138.932 347.829
246.883 139.595 348.046
248.845 140.543 349.063
250.562 142.96 350.523
249.967 144.459 351.386
249.024 145.692 351.708
247.312 147.299 353.647
243.147 148.913 355.749
239.409 150.131 358.098
233.821 151.031 359.179
227.251 151.947 361.703
225.247 152.529 362.69
224.565 153.591 362.435
225.074 154.398 362.524
225.448 154.424 363.159
225.915 154.39 365.661
226.129 154.116 369.513
238.189 137.717 398.995
238.986 139.341 398.495
239.215 139.366 397.212
239.28 139.084 395.21
239.457 139.148 393.252
239.684 138.988 391.882
239.971 138.72 390.953
240.468 138.216 389.31
240.803 137.945 388.454
241.186 138.075 388.025
241.762 137.762 386.982
242.159 137.66 386.51
242.708 137.44 386.267
243.164 137.381 385.761
243.849 137.076 385.505
243.737 136.838 385.735
243.473 137.048 386.893
242.988 137.121 389.279
242.437 137.306 391.128
242.275 137.453 392.938
241.743 137.296 395.065
241.374 137.26 396.447
241.068 137.619 398.423
240.823 137.752 399.576
240.573 137.629 400.13
240.247 137.849 401.807
239.868 138.342 403.958
239.538 138.516 405.399
238.1 135.923 394.243
238.132 136.033 393.482
238.076 136.182 393.089
237.966 136.219 392.516
237.75 136.21 391.857
237.512 136.292 391.434
237.407 136.181 391.134
237.248 136.243 390.993
236.66 135.872 390.811
236.394 136.061 390.489
236.259 135.529 388.661
236.139 135.947 388.297
235.483 134.765 387.84
234.224 135.575 389.089
223.174 138.596 450.084
223.116 138.642 450.062
223.313 138.459 449.884
223.303 138.902 450.252
223.353 138.697 450.117
223.422 138.63 450.07
223.408 138.695 450.076
223.484 138.494 449.927
223.435 138.923 450.207
223.427 138.787 450.151
223.353 138.932 449.973
223.421 138.719 450.001
223.392 139.075 450.193
223.546 138.626 449.695
223.635 138.615 449.569
223.657 138.85 449.78
223.764 138.808 449.647
223.416 138.628 449.815
223.189 138.719 449.976
223.035 138.637 450.121
222.84 138.717 449.794
222.801 138.863 449.835
222.789 138.584 449.663
222.582 138.908 449.706
222.53 139.154 449.683
222.577 138.888 449.63
222.602 138.601 449.776
222.509 138.827 449.832
222.378 138.508 449.648
222.374 138.696 449.761
222.346 138.513 449.702
221.993 138.714 449.942
221.84 138.74 450.071
221.668 139.035 450.143
221.807 138.621 449.863
221.757 138.645 449.827
221.634 138.746 450.012
221.109 138.884 450.634
220.837 138.824 450.649
220.604 138.466 450.58
220.144 138.406 450.695
219.881 138.666 450.891
219.659 138.216 450.668
219.429 138.556 450.801
219.292 138.442 450.847
218.943 138.892 451.109
218.681 138.49 451.256
218.112 137.989 451.828
217.512 137.885 452.82
216.504 138.123 453.982
215.811 138.008 454.563
214.73 137.99 455.853
214.109 137.727 456.191
212.896 137.669 457.276
211.407 137.703 458.27
210.735 137.393 458.827
209.971 137.465 459.235
208.598 137.334 460.67
207.81 136.886 461.393
206.782 136.475 462.538
205.861 136.705 463.973
204.919 136.637 465.371
204.328 136.513 466.446
203.589 136.75 467.836
202.965 137.13 468.992
202.233 137.185 470.048
201.053 137.501 471.313
200.295 137.152 471.913
199.419 137.034 472.163
198.169 137.268 472.651
195.943 137.997 473.934
223.219 138.942 450.208
222.911 138.677 450.043
221.527 138.708 450.055
212.164 137.647 457.817
194.991 138.478 474.485
196.84 140.001 472.492
234.517 144.199 466.223
204.276 152.589 489.853
203.918 148.714 486.92
200.684 146.052 473.453
204.207 140.388 482.667
205.223 142.523 465.929
204.818 142.572 466.755
202.997 148.759 466.314
202.279 137.119 461.267
205.792 136.902 458.309
206.44 138.092 462.578
197.288 137.512 373.052
227.716 139.748 387.138
232.193 139.319 384.055
145.736 117.257 297.497
142.964 110.732 272.294
194.252 138.361 474.483
193.567 138.791 474.579
193.329 138.974 474.555
193.227 139.58 474.366
193.311 139.516 474.018
193.9 139.885 473.65
194.479 139.298 473.028
195.072 139.262 472.339
195.431 139.153 471.812
195.623 139.346 471.472
195.625 139.605 471.645
195.437 139.638 471.906
195.182 139.702 472.364
194.948 140.133 472.845
194.627 140.44 473.1
194.434 140.438 473.27
194.306 140.485 473.479
221.983 141.416 459.206
223.466 141.701 459.353
226.185 141.759 460.104
227.562 142.324 460.474
228.548 142.375 460.878
229.422 142.282 461.216
230.796 142.757 461.626
231.688 143.129 462.682
232.989 143.422 463.201
233.948 143.118 463.464
234.4 143.241 463.664
234.806 143.167 464.187
234.89 143.416 464.576
234.878 143.531 465.141
234.969 143.449 465.293
234.755 143.791 465.59
234.797 143.789 465.889
203.498 148.33 490.884
203.303 147.219 490.97
203.281 146.944 491.12
203.283 146.552 491.038
203.211 146.163 491.058
203.358 146.959 490.97
203.311 145.911 491.104
203.418 145.738 491.167
203.453 144.881 491.343
203.818 145.831 491.328
204.835 145.593 490.771
205.072 145.774 490.297
205.222 146.117 489.931
205.207 145.734 489.639
205.274 146.372 489.647
204.243 150.973 490.255
204.301 152.481 490.147
204.268 153.373 489.661
204.282 153.836 489.516
204.233 153.26 489.145
204.309 153.429 488.744
204.33 153.826 488.609
204.152 152.92 488.568
203.975 152.9 488.373
203.937 152.755 488.335
203.951 152.579 488.204
203.808 151.304 487.932
203.858 151.261 487.819
203.771 150.623 487.53
203.76 150.44 487.491
203.605 149.581 487.307
203.544 149.274 487.242
203.718 149.362 487.239
203.837 149.217 487.23
203.881 148.446 486.792
203.552 149.549 483.084
203.495 149.675 482.597
203.388 149.502 482.265
203.407 149.45 481.682
203.353 149.164 480.471
203.36 149.553 478.986
203.104 148.848 477.462
202.881 148.109 475.607
202.079 146.835 472.857
201.778 146.924 471.833
200.66 148.039 470.893
200.526 147.663 470.559
200.367 148.165 470.828
200.531 148.388 471.609
200.365 147.332 472.58
200.495 146.376 473.063
201.198 145.588 474.017
201.356 144.712 474.546
201.767 144.343 475.37
202.232 144.208 476.279
202.576 143.953 476.507
202.973 142.711 476.932
203.676 143.12 477.683
204.118 142.116 478.318
204.64 141.871 478.952
205.195 140.975 481.098
205.249 140.764 482.005
204.937 140.321 482.721
204.76 140.326 483.413
204.46 139.639 483.648
204.416 140.134 483.591
204.252 140.067 483.481
204.268 140.007 483.201
204.081 140.776 482.198
204.046 140.497 481.797
203.866 140.436 481.199
203.926 140.882 480.673
204.017 140.474 480.271
204.194 140.868 479.899
204.349 140.751 479.459
204.647 141.401 479.412
204.764 140.992 479.456
204.909 140.233 479.347
205.119 139.791 479.386
205.232 139.76 479.213
205.506 143.425 467.58
205.458 143.569 467.485
205.304 142.964 467.052
205.303 143.08 466.823
205.208 142.857 466.333
205.367 143.414 466.134
205.38 143.061 466.141
205.378 143.054 465.948
205.345 142.901 465.953
205.406 143.434 466.213
205.159 142.519 465.935
205.169 142.591 465.893
205.174 142.781 465.979
205.038 142.533 466.06
205.045 142.548 466.087
205.075 142.734 466.354
205.002 142.635 466.294
205.029 142.564 466.437
205.133 142.888 466.522
205.093 143.173 466.638
204.979 142.93 466.669
204.717 142.141 466.559
204.711 142.47 466.827
203.577 138.136 466.015
204.455 141.779 466.384
204.505 142.34 466.106
204.314 143.03 466.029
203.915 142.238 465.668
203.131 142.052 465.239
202.469 141.623 464.674
202.243 142.078 463.942
201.9 141.831 463.33
201.767 141.822 462.839
201.993 142.705 462.641
202.742 146.124 463.924
202.717 146.62 464.017
202.51 150.343 465.279
202.746 149.147 465.133
202.871 149.697 465.376
202.892 149.52 466.647
203.175 147.506 466.764
203.304 147.447 466.837
203.351 146.532 466.922
203.448 146.514 466.847
203.559 146.153 467.083
203.899 145.542 467.259
204.011 144.465 467.266
204.298 144.271 467.577
204.559 143.978 467.993
204.552 143.029 468.053
204.656 142.208 467.956
204.685 141.749 467.836
204.838 141.671 467.654
204.904 141.276 467.356
204.906 140.287 466.922
204.947 139.837 466.284
202.529 137.323 460.338
202.78 136.454 459.345
203.242 137.304 459.129
203.342 137.75 459.001
203.495 137.389 458.775
203.73 137.223 458.792
203.745 136.64 458.651
204.051 137.328 458.671
204.234 137.434 458.828
204.3 137.051 458.819
204.456 136.91 458.547
204.691 137.286 458.614
204.383 138.66 458.683
204.748 135.909 457.89
205.092 135.743 457.34
205.209 136.218 457.849
205.595 137.476 458.374
206.011 137.241 458.76
205.993 136.798 459.007
206.166 137.369 459.315
205.703 137.459 459.995
206.207 137.215 460.445
206.311 137.068 460.874
206.303 137.007 460.902
206.237 136.962 460.973
206.382 137.259 461.177
206.522 137.648 461.652
206.488 137.014 461.743
206.42 137.051 462.027
206.589 137.278 462.224
206.726 137.933 462.572
206.636 137.788 462.336
206.568 137.635 462.057
206.457 137.708 462.152
206.078 137.333 462.344
206.238 137.971 462.743
202.544 136.674 370.932
202.258 136.673 374.71
201.483 137.065 376.472
201.066 137.262 378.249
201.01 137.825 379.596
200.786 137.662 380.837
200.713 137.472 381.12
200.945 137.199 380.671
201.063 136.135 378.075
201.045 136.252 377.141
200.281 136.81 376.493
199.83 137.169 375.641
198.828 137.049 374.82
198.245 137.495 374.26
197.765 137.691 373.702
197.292 138.026 371.817
197.241 138.715 371.322
196.81 139.474 371.421
195.638 140.016 372.055
194.735 140.374 371.784
193.761 140.759 371.317
192.381 141.223 368.801
192.791 140.778 368.017
193.259 140.488 367.987
193.909 139.785 367.338
195.945 138.87 365.911
202.613 139.353 362.676
200.597 137.736 359.888
201.421 142.376 368.128
234.31 132.843 379.46
232.208 137.057 383.21
230.944 138.588 383.494
227.002 139.792 387.938
225.678 139.22 388.961
224.608 138.674 390.432
222.856 137.852 392.335
221.852 137.374 393.134
220.605 136.769 394.732
219.926 136.234 395.178
219.457 136.088 395.933
219.253 136.027 396.654
219.333 136.472 397.387
219.504 136.722 397.317
219.752 136.917 397.704
220.055 137.687 398.245
219.898 137.881 398.556
219.164 137.87 398.629
231.456 140.567 387.939
231.822 140.036 386.343
141.186 118.715 311.69
141.241 118.982 311.814
232.835 138.448 381.283
141.457 119.268 312.161
141.629 119.591 312.301
234.207 137.551 379.321
141.746 119.779 312.342
141.76 119.925 312.403
235.619 136.683 377.491
141.77 120.422 312.699
138.738 114.556 303.484
141.477 120.781 312.346
141.299 121.339 312.283
141.101 121.36 311.708
141.121 121.649 311.324
143.949 118.423 297.895
145.784 117.42 297.622
145.668 117.418 297.653
145.628 117.434 297.474
145.579 117.458 297.349
145.43 117.226 296.887
145.194 117.289 296.872
239.088 134.587 375.044
144.121 117.566 297.322
143.224 117.683 297.579
239.179 134.603 374.461
142.162 117.955 297.824
239.152 134.945 375.442
139.217 115.604 295.549
239.12 135.361 378.145
139.155 115.526 295.827
138.668 111.987 294.069
138.706 111.596 293.39
142.872 110.366 272.212
143.015 111.124 272.051
143.214 111.259 271.933
143.622 111.601 271.84
143.685 111.743 271.759
143.655 111.676 271.47
143.603 111.716 271.212
143.42 111.531 270.826
143.314 111.543 270.582
143.309 111.651 270.554
143.315 111.971 270.69
143.331 112.354 270.779
143.557 112.401 270.559
143.68 112.425 270.349
239.568 132.485 393.56
239.109 134.97 396.204
237.213 136.103 396.898
236.889 136.522 397.808
236.729 136.52 397.52
236.655 136.51 397.165
236.623 136.602 397.354
236.596 136.513 397.447
236.517 136.273 396.852
236.596 136.423 396.75
236.657 136.419 396.835
236.78 136.531 396.625
236.773 136.293 396.42
236.948 136.445 396.588
236.982 136.395 396.785
237.044 136.383 396.437
237.14 136.254 396.094
237.188 136.153 395.934
237.342 136.381 395.876
237.622 136.355 395.522
237.834 136.009 394.807
157.3 109.258 304.035
157.485 108.888 303.913
157.456 108.974 304.385
157.285 108.914 304.368
157.021 109.136 304.793
156.999 109.108 305.072
156.821 109.063 305.229
156.82 109.12 305.381
156.796 109.033 305.222
156.739 108.916 305.256
156.669 108.807 305.211
156.854 109.003 305.349
156.988 109.077 305.128
156.969 109.219 304.881
156.904 109.232 304.439
157.051 109.276 303.991
157.089 109.377 303.354
157.396 109.317 302.405
157.594 109.019 301.589
157.695 108.844 301.255
157.717 108.688 300.931
157.766 108.274 300.387
157.799 108.1 300.274
157.94 108.13 300.347
158.185 108.139 300.317
158.493 108.22 300.436
158.7 108.296 300.639
158.941 108.214 300.461
159.266 108.382 300.454
159.64 108.443 300.183
159.75 108.363 299.896
159.858 108.404 299.709
160.223 108.324 299.811
160.616 108.048 299.555
161.423 107.022 298.276
161.483 106.897 298.135
161.016 105.704 296.148
161.125 105.438 295.796
161.104 105.142 295.453
161.088 105.134 295.586
161.241 105.048 295.466
161.183 104.874 295.131
161.266 105.035 295.272
161.465 105.133 295.506
161.58 105.133 295.415
161.468 104.963 295.258
161.307 104.793 295.029
161.068 104.396 294.532
160.919 104.464 294.814
160.772 104.458 294.95
160.437 104.131 294.709
160.331 103.973 294.566
160.344 103.785 294.553
160.326 103.68 294.558
160.229 103.45 294.285
160.252 103.302 294.202
160.411 103.386 294.267
160.474 103.142 293.998
160.486 102.995 293.599
160.517 102.933 293.221
160.753 103.157 293.693
161.44 103.121 293.757
161.694 103.123 293.808
161.713 103.173 293.742
161.784 103.094 293.634
162.332 103.527 294.004
162.535 103.543 293.876
162.949 103.718 293.921
164.359 103.367 293.942
165.311 102.585 293.481
165.973 102.243 293.737
166.754 102.028 294.209
167.7 101.544 294.723
168.022 101.197 294.711
169.682 101.805 296.7
170.132 101.858 296.825
170.591 102.349 297.664
170.889 102.524 297.646
171.171 102.459 297.348
171.539 102.553 297.193
171.717 102.703 296.887
171.863 102.683 296.034
172.065 102.815 295.151
172.321 102.777 294.198
172.52 102.519 293.196
157.256 109.456 302.886
161.085 107.213 298.496
160.376 104.186 294.728
163.728 103.371 293.661
172.804 102.858 292.793
168.984 98.902 287.057
166.867 100.974 285.82
165.812 102.476 284.122
162.507 105.155 283.346
160.892 106.74 284.008
155.56 109.06 285.114
146.381 100.017 299.527
151.478 116.974 284.521
145.849 113.202 276.938
132.99 104.472 272.507
141.793 103.601 289.34
143.801 108.061 281.712
147.22 99.546 264.842
159.075 121.814 395.754
162.511 123.735 376.756
200.265 133.446 440.443
203.925 134.685 440.753
204.791 139.14 443.616
204.147 139.356 449.221
172.77 102.949 292.201
172.592 102.811 291.634
172.432 103.001 291.381
172.001 102.907 290.589
171.864 102.771 290.091
171.847 102.845 290.145
171.96 102.461 289.329
171.999 102.245 289.129
172.143 101.922 288.871
172.333 101.706 289.037
172.453 101.605 289.07
172.467 101.384 288.955
172.465 101.301 289.066
170.041 100.978 288.727
169.501 99.783 287.097
169.291 99.181 286.61
168.889 98.678 286.698
169.082 99.124 287.298
169.035 99.08 287.167
168.809 99.213 287.127
168.735 99.431 287.365
168.628 99.463 287.373
168.703 99.413 287.296
168.474 99.698 287.375
168.249 99.951 287.534
168.087 100.111 287.534
167.72 100.401 287.651
167.576 100.41 287.529
167.46 100.334 287.081
167.246 100.296 286.749
167.221 100.562 286.818
167.29 100.492 286.476
167.13 100.735 285.987
167.035 100.864 285.91
166.8 101.017 285.855
166.685 101.038 285.971
166.635 101.078 285.895
166.382 101.265 286.111
166.569 101.607 286.359
166.626 101.739 286.203
166.498 101.862 285.846
166.454 101.9 285.648
166.241 101.913 285.421
165.99 102.171 285.677
165.79 102.263 285.684
165.61 102.169 285.286
165.608 102.213 285.255
165.644 102.208 285.064
165.633 102.222 284.579
165.699 102.315 284.346
165.788 98.866 277.148
165.843 102.461 284.026
165.746 102.642 284.188
165.522 102.879 284.319
165.152 102.888 284.166
165.184 103.032 284.171
165.004 103.396 284.192
164.98 103.413 284.1
164.85 103.469 284.028
164.83 103.828 284.428
164.072 104.219 284.372
163.945 105.046 284.594
164.018 105.202 284.1
163.726 105.487 284.106
163.907 105.897 283.864
163.31 105.206 282.858
163.119 105.198 283.102
162.557 104.982 282.968
162.346 105.142 283.3
162.25 105.205 283.35
162.296 105.024 283.118
162.224 104.966 282.989
162.069 104.959 283.199
162.095 104.964 283.1
162.078 104.801 283.147
162.087 104.77 283.087
161.885 104.727 283.359
161.835 104.768 283.416
161.688 104.846 283.432
161.588 104.966 283.479
161.469 105.069 283.617
161.315 105.49 283.904
161.35 105.671 283.911
161.223 105.896 283.739
161.167 106.138 283.58
160.88 107.222 284.188
160.606 107.768 284.296
160.562 108.237 284.497
160.611 108.382 283.901
160.66 108.667 283.726
160.516 109.014 283.796
160.186 109.035 283.673
160.046 108.869 283.207
159.468 108.833 283.506
158.887 108.72 283.815
158.614 108.525 283.82
158.035 108.682 284.713
157.626 108.785 284.843
157.061 108.842 284.937
156.677 109.128 285.277
156.033 109.283 285.453
155.704 109.238 285.335
155.357 108.988 285.413
155.244 108.884 285.217
152.386 106.828 282.037
152.231 106.815 281.426
152.214 106.831 280.133
148.09 100.099 294.283
148.356 100.285 295.245
148.343 99.961 295.055
148.084 99.942 295.179
147.709 99.873 295.754
147.288 99.88 295.9
147.309 100.36 296.884
147.264 100.134 296.779
147.157 99.991 297.13
147.113 99.962 297.744
146.829 99.599 297.945
146.543 99.77 298.743
145.782 100.26 300.102
145.604 101.087 301.296
144.756 101.845 301.896
143.886 102.887 302.424
143.657 103.175 302.424
142.908 104.55 302.957
142.468 105.744 303.232
140.223 105.536 301.279
139.015 105.581 300.502
154.278 116.239 285.672
154.009 116.225 285.787
153.856 116.318 285.824
153.573 116.701 286.151
153.323 116.688 286.026
152.973 116.897 285.695
152.486 116.847 285.307
152.1 117.093 285.126
151.348 116.84 284.321
151.109 116.532 283.705
151.127 116.639 283.297
151.068 116.479 282.776
151.448 116.411 282.602
151.55 116.051 282.092
151.214 115.731 281.586
150.643 115.602 281.246
149.814 115.439 280.775
149.152 115.316 279.986
148.455 115.233 279.526
147.847 115.065 278.933
147.217 114.864 278.407
146.676 114.537 277.951
146.354 113.908 277.538
145.972 113.561 277.469
145.802 113.217 277.247
146.116 112.898 276.231
145.968 112.544 275.76
145.803 112.334 275.397
145.884 111.651 274.436
146.207 111.42 274.055
146.486 111.415 274.102
146.696 111.144 274.031
146.48 110.858 273.785
146.135 110.607 273.303
145.729 110.427 273.127
145.375 110.155 272.783
145.296 109.811 272.339
133.377 104.433 272.87
133.309 104.496 272.817
133.226 104.554 272.798
132.982 104.456 272.298
132.946 104.383 272.36
133.013 104.323 272.424
132.956 104.286 271.964
133.099 104.109 271.785
133.335 104.253 272.081
133.335 103.917 272.412
133.155 103.542 272.139
133.071 103.273 271.896
133.014 103.215 271.921
132.991 103.327 272.344
133.075 103.331 272.475
135.396 101.955 270.596
135.191 101.801 270.161
135.277 101.666 269.817
140.247 103.871 288.59
140.435 103.843 288.62
140.796 103.607 288.828
141.144 103.529 288.908
142.797 104.144 290.272
143.46 104.411 290.577
144.076 104.606 291.156
144.73 104.647 291.037
145.249 104.664 290.928
145.665 104.667 290.937
146.29 104.769 291.004
146.772 104.733 290.941
147.325 104.688 290.954
147.752 104.845 290.782
147.943 104.936 290.306
147.603 105.248 289.765
147.483 105.428 289.31
147.272 105.718 288.992
146.243 106.261 287.378
145.351 106.039 284.121
144.867 107.858 283.626
143.174 108.196 280.13
142.944 108.188 279.507
142.79 108.463 278.667
142.9 108.355 277.51
145.965 100.828 256.045
146.03 100.892 256.05
146.037 100.746 255.946
146.4 100.372 255.804
146.697 100.239 255.514
146.964 100.247 255.373
147.435 100.749 255.592
149.307 103.089 254.713
149.416 103.658 254.341
149.598 104.132 254.438
149.918 104.698 254.436
150.73 106.654 254.552
147.809 100.712 262.678
145.932 98.2 267.68
144.504 97.494 272.008
143.624 97.348 274.624
142.481 96.956 277.849
126.822 98.875 279.51
157.78 122.459 394.763
157.916 122.597 394.769
158.021 122.742 394.729
158.143 122.969 394.839
158.126 122.924 394.597
158.215 122.806 394.324
158.14 122.347 394.039
158.131 121.786 394.225
158.402 121.359 395.222
158.548 121.412 395.233
158.55 121.568 395.567
158.814 121.701 395.65
159.376 121.898 395.48
159.492 122.165 395.301
159.755 122.246 395.314
159.908 122.287 395.12
160.097 122.424 394.955
160.199 122.578 394.851
160.201 124.068 394.49
161.198 125.128 392.078
161.246 126.66 375.842
160.74 126.368 373.982
160.515 126.196 375.004
160.692 125.422 375.983
161.062 125.128 377.143
161.122 124.35 377.556
161.724 123.869 378.143
161.96 123.779 378.172
162.151 123.957 377.749
162.695 123.492 376.403
162.596 123.412 376.136
162.602 123.293 375.383
162.631 123.231 375.41
205.623 140.821 471.134
204.469 139.544 469.795
204.333 137.176 468.593
199.277 132.985 453.85
199.187 132.723 448.758
199.271 133.092 446.339
199.215 133.032 444.385
199.541 133.392 443.423
199.91 133.475 442.024
200.001 133.401 441.507
200.151 133.395 441.087
200.33 133.262 440.688
200.315 133.004 440.365
200.692 133.213 439.692
201.002 133.422 439.193
201.169 133.355 438.732
201.317 132.931 437.943
201.527 133.501 437.574
201.455 133.119 437.169
201.698 133.339 437.178
201.756 133.445 436.874
201.788 133.044 436.032
201.804 133.048 435.286
201.868 133.136 434.716
201.834 132.823 434.335
201.881 133.149 434.099
201.834 132.989 433.716
201.87 132.419 433.237
204.564 132.591 433.704
203.939 134.436 439.96
204.203 135.563 441.347
204.334 135.511 442.043
204.104 135.506 442.494
203.968 135.347 443.0
203.905 136.11 443.925
203.922 136.072 444.209
204.041 136.347 444.554
204.259 136.909 444.551
204.378 136.422 444.422
204.499 137.014 444.234
204.64 137.11 443.75
204.804 137.534 443.513
204.963 138.063 443.422
205.049 137.349 442.724
205.097 138.652 442.918
205.074 138.866 443.072
204.963 139.366 443.388
204.47 139.173 444.166
204.357 139.952 444.806
204.213 139.857 444.6
204.28 140.293 444.941
204.311 140.488 445.062
204.362 140.788 445.702
204.254 140.426 445.772
204.247 140.488 446.132
204.187 140.332 446.056
204.207 140.614 446.661
204.264 140.435 446.83
204.278 140.404 446.736
204.301 140.982 447.148
204.232 140.777 447.514
204.195 140.116 447.828
204.094 139.749 448.45
204.168 139.421 448.782
204.177 139.18 448.796
204.513 139.574 449.188
204.593 139.279 449.267
204.672 138.833 449.462
204.878 138.692 449.873
204.791 138.778 450.407
204.572 138.227 450.507
204.613 138.588 450.889
204.519 137.986 450.905
204.272 137.931 451.611
204.032 138.113 451.825
203.921 138.324 452.43
203.643 137.724 452.347
203.655 137.854 452.36
203.706 137.512 452.326
203.898 138.138 452.497
204.025 138.388 452.89
203.572 137.95 454.026
203.15 137.934 454.271
202.722 137.698 454.761
202.401 137.343 454.845
202.196 137.09 455.136
201.913 136.796 455.147
163.557 106.049 271.627
237.325 132.503 378.219
237.348 132.356 378.918
237.104 132.945 380.944
237.023 133.323 381.717
236.998 133.079 382.045
236.881 132.618 381.687
154.963 121.663 275.659
155.078 121.834 275.894
155.25 121.828 275.817
155.378 121.79 275.852
155.455 121.83 275.718
155.612 121.729 275.619
155.973 121.413 275.359
156.123 121.254 275.38
156.216 121.193 275.294
156.264 121.051 275.246
156.294 121.053 275.164
156.695 121.271 275.21
156.809 121.46 275.021
156.955 121.52 275.031
157.087 121.628 274.807
157.137 121.769 274.688
157.181 121.835 274.05
157.23 121.963 273.91
157.306 122.083 273.73
157.343 122.258 272.987
157.414 122.409 272.53
157.602 122.506 272.055
157.803 122.33 271.303
157.899 122.345 271.028
158.206 122.044 270.443
158.198 121.682 269.977
158.176 121.594 269.82
158.303 121.211 269.747
158.296 120.923 269.775
158.062 120.827 269.863
157.864 120.517 269.555
157.733 120.255 269.46
157.611 120.071 269.321
157.316 119.956 269.132
157.154 119.79 268.808
156.895 119.618 268.398
156.288 119.327 267.593
155.817 118.719 266.791
155.597 118.9 266.743
155.366 118.85 266.591
154.978 118.387 265.731
154.526 118.35 265.634
154.448 118.297 265.644
154.223 118.222 264.964
153.869 118.133 264.385
153.156 118.176 263.545
152.091 127.863 254.197
152.442 127.457 253.449
152.526 127.374 253.341
152.67 127.263 253.109
152.522 127.274 253.014
152.641 127.294 252.955
152.343 127.126 252.553
152.283 127.11 252.38
152.141 126.985 252.547
152.374 126.936 252.174
152.539 126.818 252.124
152.706 127.104 252.36
152.713 127.227 252.499
152.675 127.486 252.429
152.649 127.679 252.443
152.141 127.873 252.475
151.814 128.079 252.478
151.744 128.073 252.141
151.688 128.107 252.071
151.645 128.196 251.931
151.47 128.138 251.761
151.433 128.096 251.309
151.25 128.098 251.06
151.318 127.94 250.848
151.279 127.747 250.506
151.155 127.807 250.699
151.207 127.743 250.657
151.264 127.256 250.127
151.429 126.956 250.468
151.294 126.81 250.643
151.264 126.81 250.852
151.005 126.759 250.948
150.729 126.793 251.199
156.348 121.12 275.112
158.393 121.148 269.766
153.613 117.908 263.596
151.995 127.975 252.366
150.576 126.54 250.876
152.344 107.799 260.572
152.314 110.12 273.812
150.277 118.487 259.893
148.776 126.163 258.962
140.26 128.484 256.116
144.199 123.811 250.379
156.31 119.357 253.891
161.245 117.809 250.967
162.497 111.051 254.141
160.333 109.523 255.678
158.873 109.88 270.941
150.835 125.81 251.532
151.305 125.067 252.357
151.7 123.535 253.348
152.081 122.364 253.778
152.039 121.333 253.712
152.076 120.216 253.786
152.276 118.924 253.798
152.399 117.338 254.212
152.731 115.71 254.522
152.868 114.259 254.199
152.651 113.008 254.768
152.736 110.641 255.336
152.973 109.361 255.883
153.199 108.402 257.044
153.12 107.779 257.92
152.887 107.606 259.201
152.51 107.703 260.011
152.4 108.031 261.289
152.356 107.862 261.863
152.422 107.346 262.515
152.496 106.848 263.789
152.701 106.621 265.22
152.813 106.771 266.843
152.953 106.856 267.547
152.683 106.926 268.479
152.622 107.007 268.97
152.648 107.425 270.161
152.434 107.623 271.464
152.368 107.885 271.999
152.192 108.184 272.575
152.156 108.333 273.028
152.132 108.501 273.195
152.148 108.795 273.249
152.21 109.348 273.51
152.461 111.326 273.323
152.444 111.826 272.028
152.177 112.187 270.092
151.842 112.846 268.132
151.74 113.134 267.069
151.567 113.718 266.163
151.464 113.91 265.157
151.382 114.597 264.718
151.265 114.762 263.707
151.204 114.996 263.059
151.068 115.408 262.783
151.001 115.909 262.5
151.024 116.278 261.895
150.87 116.648 261.276
150.699 117.077 261.063
150.692 117.396 260.635
150.41 117.824 260.36
150.128 119.32 260.153
150.071 119.957 260.39
149.957 120.419 259.926
149.985 121.058 259.893
149.884 121.358 259.304
149.813 121.798 259.017
149.659 122.218 258.856
149.573 122.591 258.623
149.489 122.573 258.258
149.551 122.815 257.941
149.551 122.957 257.877
149.733 122.902 257.508
149.658 123.088 257.456
149.692 123.406 257.697
149.421 123.942 258.006
149.433 124.682 258.583
149.278 125.419 259.012
148.48 126.697 258.729
148.309 127.269 258.952
148.089 127.699 259.02
147.738 128.349 259.123
146.701 129.446 259.194
145.638 130.025 258.827
144.682 130.066 258.524
144.225 129.785 258.061
143.405 129.697 257.931
142.79 129.782 257.86
142.467 129.509 257.361
141.955 129.47 257.365
141.644 129.449 257.261
141.541 129.307 256.905
141.388 129.235 256.907
141.477 128.963 256.716
141.363 128.902 256.51
140.118 126.66 254.299
140.205 126.44 253.182
140.347 126.104 252.782
140.3 125.915 252.154
140.404 125.969 251.464
140.744 125.848 250.651
140.836 125.947 250.505
141.188 125.976 250.125
141.545 126.048 250.241
141.714 125.836 249.421
142.119 125.792 249.706
142.313 125.42 250.048
142.495 125.232 250.069
143.013 124.988 249.838
143.542 124.554 250.064
143.648 124.272 250.137
143.907 124.051 250.126
144.677 123.665 250.166
145.009 123.602 250.445
145.14 123.498 250.098
145.859 123.665 250.379
146.233 123.489 250.546
146.334 123.491 250.748
146.585 123.396 250.665
147.897 123.195 251.325
151.984 122.735 253.462
152.64 122.349 253.928
153.544 121.299 255.083
153.933 120.516 255.752
154.972 120.074 255.295
155.289 119.9 255.03
155.641 119.798 254.925
155.872 119.681 254.902
156.128 119.707 254.327
156.619 119.112 254.103
156.89 118.535 254.381
157.325 117.621 254.54
157.636 117.376 254.74
157.676 117.083 254.743
158.11 117.124 254.728
158.537 117.121 254.646
160.008 117.627 253.565
160.303 117.72 253.528
160.661 117.824 252.781
160.883 117.981 252.374
160.851 117.813 252.112
160.758 117.787 251.653
160.828 117.773 251.529
160.885 117.774 251.491
160.92 117.712 251.087
161.101 117.89 251.101
161.334 117.805 250.622
161.481 117.651 250.627
161.63 117.367 250.693
161.546 116.864 250.825
161.614 116.175 251.608
162.041 112.775 252.779
162.118 112.43 252.955
162.161 112.352 252.726
162.176 112.138 252.858
162.091 111.886 252.825
162.132 111.779 252.914
162.189 111.843 253.407
162.281 111.891 253.451
162.395 112.006 253.35
162.402 111.838 253.54
162.442 111.665 253.659
162.632 111.502 253.26
162.545 110.912 254.366
162.443 110.75 254.068
162.258 110.886 254.477
161.903 111.175 254.26
161.693 111.172 254.366
161.564 111.233 254.328
161.418 111.231 254.348
161.403 110.879 254.876
161.313 110.791 254.635
161.414 110.353 255.164
161.311 110.215 255.177
161.312 109.998 255.548
161.163 109.895 255.696
160.945 109.923 255.752
160.855 109.824 255.681
160.848 109.778 255.967
160.472 109.556 255.701
160.173 109.463 255.972
160.124 109.406 256.075
160.197 109.44 256.714
160.149 109.716 256.924
159.878 109.911 256.822
160.29 109.855 257.745
160.432 109.877 257.906
160.11 110.349 257.462
157.556 110.066 260.868
157.271 110.233 260.835
156.744 109.623 269.769
156.707 109.513 270.111
156.352 109.879 270.879
156.733 109.737 270.986
156.731 110.039 271.637
157.114 110.266 271.531
158.23 110.127 271.214
159.514 109.985 271.187
160.307 109.596 270.915
161.106 108.982 270.579
161.763 108.589 270.695
161.992 108.289 270.944
162.068 108.052 271.317
162.305 107.733 271.48
162.628 107.485 271.625
162.879 107.224 271.615
163.195 106.977 271.665
163.124 106.958 271.804
163.204 106.9 271.642
163.115 106.941 271.761
163.032 106.666 271.7
163.052 106.588 271.817
163.195 106.404 271.888
163.459 106.134 271.667
163.503 105.989 271.666
163.248 106.148 271.906
163.022 106.417 272.112
162.229 107.161 272.662
161.742 107.46 272.899
161.603 107.756 272.762
161.714 108.458 273.246
161.81 108.643 273.145
162.038 108.904 273.13
162.245 108.995 272.509
162.225 108.865 272.06
161.754 108.93 271.975
161.596 108.957 272.065
161.138 109.349 272.166
160.298 109.982 272.199
159.883 110.254 271.972
159.22 110.528 271.672
158.745 110.626 270.713
158.93 110.038 269.868
159.083 109.428 269.587
159.039 108.037 268.568
158.78 107.173 268.75
158.49 106.458 268.783
158.211 106.125 269.188
157.838 106.499 270.103
157.739 106.644 270.454
157.374 107.278 271.154
156.795 108.135 271.462
155.702 109.532 271.468
154.742 110.321 270.877
154.211 110.835 270.441
153.902 110.647 269.524
153.469 110.457 268.974
152.869 110.325 268.064
151.805 110.872 267.352
151.645 111.179 266.922
151.732 111.079 266.582
151.776 110.962 265.856
151.86 110.796 265.478
151.689 110.842 265.094
151.34 111.193 264.419
150.934 111.831 264.327
150.647 112.322 263.961
150.617 112.432 263.49
150.693 113.039 263.623
150.733 113.579 263.111
150.904 113.458 262.624
150.965 113.372 262.408
142.276 107.912 264.112
140.901 105.856 262.979
140.551 105.273 263.533
139.233 100.704 265.133
139.843 100.454 266.169
140.621 100.643 267.346
141.349 101.142 267.92
141.813 101.449 268.084
142.041 101.819 268.002
141.901 101.667 267.657
141.843 101.591 267.632
141.775 101.519 267.902
141.627 101.439 268.289
142.059 101.54 269.245
142.715 101.943 270.327
143.211 102.118 270.76
143.668 102.41 271.435
143.857 102.359 271.886
144.233 102.428 272.551
144.538 102.433 272.858
145.194 102.217 274.445
145.579 102.121 275.462
146.285 102.117 276.41
146.494 101.79 276.556
146.636 101.931 277.183
146.995 102.492 278.361
146.957 102.296 278.884
147.106 102.588 279.674
147.645 102.659 280.821
148.708 103.176 283.455
149.605 103.398 285.417
150.393 103.258 286.212
151.334 103.635 287.586
152.574 103.843 289.468
153.009 104.036 290.488
153.151 103.916 291.168
153.377 103.691 292.023
153.951 104.485 294.557
153.919 104.242 294.372
154.023 104.619 295.021
155.475 105.558 295.59
156.399 105.967 295.877
156.751 106.166 295.501
157.128 106.709 296.192
157.586 107.426 296.221
157.769 107.74 296.016
157.731 107.53 295.141
157.774 107.571 294.988
158.116 107.835 295.11
158.481 108.204 295.42
158.444 107.632 294.095
158.831 108.339 295.117
159.038 108.603 294.437
159.207 108.846 294.191
159.707 108.385 290.992
159.837 108.713 290.835
160.249 109.116 291.104
160.419 109.192 290.548
160.536 109.32 290.291
160.592 109.477 290.199
160.515 109.516 289.994
160.417 109.692 289.977
160.45 109.972 290.035
160.271 110.147 290.028
160.208 110.195 289.782
160.111 110.194 289.391
159.929 110.279 289.0
159.843 110.255 288.586
159.598 109.968 287.617
159.271 109.198 286.055
157.412 108.049 284.082
156.046 107.378 282.843
154.974 106.563 281.637
154.345 106.042 281.705
153.456 105.924 281.804
152.554 105.972 282.242
152.375 105.695 281.956
149.959 104.918 281.964
150.64 103.213 280.404
150.789 101.836 279.39
149.6 101.739 280.579
148.432 102.325 283.102
146.625 102.315 283.106
145.608 103.234 284.331
145.053 102.967 284.635
144.908 100.905 283.534
144.702 99.64 282.965
144.938 98.089 282.857
146.111 92.107 281.598
147.538 92.61 285.533
147.977 92.175 286.248
148.431 92.299 286.849
148.683 93.31 288.902
148.691 94.695 290.635
148.739 95.563 291.143
148.766 96.574 291.911
148.786 97.009 292.14
148.758 97.79 292.401
148.648 97.999 292.554
148.725 98.497 293.086
148.574 98.891 293.299
148.382 98.754 293.575
148.443 99.332 294.083
148.496 99.607 294.0
148.524 100.083 294.769
148.471 100.307 295.012
148.551 100.441 295.252
148.61 100.146 294.735
148.7 100.324 295.387
148.508 100.314 295.859
148.339 100.382 295.769
148.073 100.484 296.344
148.335 102.482 297.314
148.053 101.873 297.226
148.105 102.727 298.134
147.656 101.684 298.251
147.563 102.03 298.539
147.744 103.322 299.378
147.309 102.043 299.139
146.994 101.685 299.294
146.787 101.435 299.363
146.712 101.68 299.422
146.426 101.939 300.016
146.433 102.022 300.039
146.296 102.048 300.206
146.199 101.934 300.591
146.079 102.119 300.752
145.91 102.336 300.936
145.578 102.728 301.773
144.978 105.13 299.611
144.109 105.318 297.478
143.944 105.586 297.256
143.673 105.308 296.59
143.595 105.477 296.552
143.482 105.474 296.534
143.202 105.075 296.721
142.945 105.298 296.799
142.678 105.225 296.965
142.486 104.855 296.852
141.32 104.023 297.231
140.845 103.829 297.181
140.415 104.045 297.115
139.683 104.663 296.357
139.316 104.825 296.072
139.19 105.033 295.876
139.068 104.897 295.46
139.328 105.275 295.561
139.607 105.437 296.004
139.618 105.656 296.399
139.523 105.871 296.598
139.632 105.579 296.464
139.928 105.753 297.33
139.862 105.869 297.3
139.805 105.835 297.346
139.738 105.759 297.168
140.105 106.005 297.866
140.625 105.265 298.84
140.962 104.85 299.592
140.781 104.3 300.289
141.043 104.371 301.678
141.176 103.906 302.466
142.052 104.335 304.552
142.441 104.151 304.989
143.385 104.776 306.767
143.597 104.926 307.287
143.899 105.885 308.446
143.773 106.345 308.9
144.809 107.179 309.729
145.343 106.903 308.884
145.844 106.714 307.899
146.178 105.701 304.195
146.753 104.82 300.66
147.359 104.471 298.731
148.718 101.945 289.571
148.799 101.406 287.615
148.501 100.273 284.477
148.219 99.284 281.659
148.363 99.018 280.292
148.324 98.645 278.449
148.434 98.248 276.285
151.183 98.109 269.272
152.397 98.275 268.235
152.825 98.126 267.484
153.138 98.276 267.008
153.402 98.399 266.772
153.318 98.259 266.223
153.531 98.24 266.08
153.983 98.36 266.027
154.471 98.564 266.183
155.292 98.621 265.771
155.851 97.128 263.984
156.502 97.265 264.288
157.131 97.523 264.333
157.511 97.074 262.89
158.024 97.908 263.917
158.006 97.821 263.499
158.127 97.969 263.409
158.662 98.866 264.316
158.845 98.986 264.267
158.832 98.475 263.713
158.465 97.274 263.134
158.083 96.162 263.355
157.8 95.57 263.904
157.67 95.832 264.762
158.193 96.614 265.568
158.968 98.356 267.018
160.063 100.279 267.985
162.749 103.245 268.332
163.635 103.721 268.384
163.779 103.637 267.91
163.497 103.475 267.541
156.264 97.7 274.876
154.659 96.64 276.299
153.257 96.045 278.979
152.401 96.347 281.457
151.603 96.599 284.418
150.343 96.984 287.942
150.118 97.669 290.45
149.943 98.583 292.486
149.786 98.794 293.604
150.047 99.965 295.408
150.1 100.751 296.498
150.042 101.599 297.05
150.102 102.725 297.953
150.05 104.271 297.726
149.952 106.273 298.798
149.803 107.276 298.75
149.614 108.165 298.679
149.455 110.046 299.448
149.466 110.803 298.928
149.466 111.689 298.356
149.841 112.145 297.53
150.715 112.72 297.112
151.263 112.818 296.163
151.889 113.195 295.721
152.163 113.389 294.655
152.826 113.973 294.921
153.114 114.26 294.629
153.472 114.625 294.243
153.777 114.989 294.344
154.511 115.166 294.079
155.575 115.408 293.456
156.021 115.451 293.301
156.778 115.333 292.596
157.226 115.202 292.487
157.517 114.76 291.987
157.988 114.785 292.092
158.109 114.075 292.198
158.457 113.719 292.549
158.705 112.748 291.79
159.424 112.277 293.172
159.712 111.718 294.104
159.978 111.056 295.214
159.984 110.922 295.867
160.019 110.629 296.576
160.155 110.069 297.625
160.278 110.228 299.055
160.315 110.242 300.258
205.557 135.843 465.762
205.612 135.56 465.903
205.519 135.325 465.953
205.5 134.709 466.009
205.492 134.814 466.046
205.564 135.385 466.318
205.513 135.397 466.722
205.444 135.588 467.072
205.515 136.298 467.624
205.561 136.945 468.551
205.384 136.868 469.324
205.221 137.439 470.014
204.831 136.889 470.454
204.0 136.154 470.607
158.811 110.699 271.191
152.25 110.586 267.873
139.618 104.094 263.204
145.064 102.417 274.073
153.549 103.946 292.948
159.434 108.298 291.455
156.837 108.013 283.971
145.24 95.811 283.092
148.487 100.283 295.034
146.457 101.585 299.815
142.009 104.271 296.682
140.557 105.814 298.563
148.367 102.6 292.592
155.536 98.08 264.969
161.527 101.992 268.379
150.002 103.425 297.601
155.038 115.441 293.892
167.184 84.9 267.371
188.212 141.005 449.709
209.992 146.625 353.263
188.567 116.907 275.667
188.615 116.86 275.74
188.359 141.379 449.908
209.808 146.684 352.946
188.461 116.906 275.618
188.045 116.83 275.669
188.411 141.352 449.816
209.658 146.616 352.939
187.857 116.565 275.418
187.942 116.412 275.384
188.377 141.238 449.66
209.516 146.392 352.543
187.993 116.42 275.492
188.05 116.127 275.271
188.563 141.644 450.235
188.007 116.358 275.503
209.384 145.765 352.877
188.101 116.097 275.261
188.003 115.969 275.318
209.167 145.667 353.075
188.178 115.799 275.317
188.164 115.755 275.38
208.637 144.992 353.029
188.177 115.443 275.018
188.034 115.642 275.277
208.236 144.579 353.074
187.986 115.245 275.052
187.919 115.256 274.976
207.568 144.07 353.297
188.001 115.19 274.835
188.002 115.104 274.454
188.095 141.3 450.191
188.094 115.035 274.048
188.061 115.084 273.824
188.073 141.141 449.91
206.755 143.517 353.301
188.077 114.997 273.449
187.922 141.037 449.997
206.413 142.963 352.745
187.357 114.317 272.104
187.074 114.129 271.941
187.866 141.136 449.944
205.933 142.651 352.896
186.829 114.018 271.863
186.727 113.721 271.699
187.742 141.062 450.015
205.773 142.337 352.913
186.496 113.19 271.575
186.312 112.871 271.513
205.488 141.935 352.482
186.11 112.55 271.789
185.912 112.408 271.896
187.564 141.373 449.846
205.288 141.685 352.164
185.694 112.108 271.884
185.55 111.907 271.949
187.457 141.096 449.683
205.258 141.608 352.408
185.28 111.497 272.062
185.006 111.206 272.232
187.467 141.176 449.608
204.859 142.355 352.297
184.72 110.685 272.167
184.257 110.392 272.278
187.339 140.868 449.374
184.039 110.062 272.293
187.438 141.138 449.384
183.746 109.558 272.193
183.626 109.466 271.867
187.59 141.511 449.316
183.533 109.349 271.419
183.406 108.97 270.893
187.439 140.898 449.012
183.152 108.408 270.223
182.977 108.072 269.786
187.34 140.396 448.646
182.53 107.558 269.091
182.19 106.527 267.712
187.505 141.212 448.717
182.061 106.275 267.285
181.989 105.413 266.393
187.409 141.018 448.752
181.928 105.098 266.005
188.0 116.223 275.325
207.203 143.884 353.368
187.714 141.253 449.785
183.815 109.82 272.405
181.752 105.275 265.922
181.929 104.718 259.383
182.285 105.79 255.434
183.223 107.846 250.69
184.708 109.651 247.09
214.805 97.795 360.023
214.471 97.657 360.96
182.855 101.408 248.953
184.439 94.356 254.267
182.705 93.992 258.87
182.722 85.469 264.537
175.275 84.373 269.86
187.316 140.673 448.453
181.569 105.134 265.451
181.43 105.173 264.925
187.281 141.106 448.407
181.334 105.191 264.324
181.288 105.296 263.614
187.262 141.176 448.526
181.169 104.95 262.547
181.223 105.158 262.013
187.254 140.876 448.38
181.344 105.254 261.58
181.509 105.173 260.933
187.378 141.197 448.63
181.513 104.81 260.304
181.58 104.831 260.027
187.597 141.51 448.766
181.688 104.579 259.632
187.537 140.74 448.281
182.01 104.473 258.797
182.014 104.606 258.712
187.768 141.311 448.846
181.979 104.664 258.406
181.961 104.874 258.104
187.809 141.448 449.211
181.938 104.998 257.912
181.809 104.949 257.345
187.815 141.26 449.066
181.818 104.969 256.862
181.857 105.197 256.585
187.974 141.624 449.311
181.965 105.362 256.32
182.074 105.517 255.867
187.939 141.377 449.377
182.242 105.539 255.51
188.136 141.334 449.538
182.327 105.626 254.84
182.298 106.035 254.886
188.282 140.428 449.201
182.368 106.223 254.683
182.417 106.345 254.459
188.585 140.618 449.371
182.571 106.444 253.882
182.664 106.614 253.513
188.725 140.44 449.316
182.825 106.81 253.126
182.762 106.932 252.651
188.692 140.616 449.366
182.866 106.769 251.458
182.95 106.951 250.995
188.581 140.766 449.583
183.035 107.317 250.669
188.545 141.174 449.845
183.337 107.607 249.758
183.567 107.948 249.624
188.277 140.649 449.671
183.723 108.045 249.25
183.97 108.007 248.889
188.235 141.057 449.78
184.102 107.965 248.467
184.281 108.195 248.456
188.145 141.217 450.057
184.353 108.301 248.07
184.423 108.687 248.055
188.11 141.45 450.37
184.518 109.163 248.28
184.669 109.477 247.954
187.958 140.87 449.892
184.697 109.495 247.31
188.079 140.94 449.823
184.574 109.825 246.888
184.489 109.953 246.647
187.997 140.893 449.849
184.52 109.988 246.176
184.489 110.269 246.184
188.035 141.062 449.755
184.6 110.703 246.252
184.699 110.802 245.958
187.907 140.531 450.418
188.062 140.911 450.548
214.798 98.073 359.997
214.747 97.992 359.977
188.163 141.247 450.882
214.802 98.044 360.237
214.719 97.955 360.204
188.094 140.973 450.734
214.843 97.691 359.833
188.23 141.455 451.103
214.785 97.703 360.156
214.757 97.499 359.751
188.033 140.751 450.798
214.718 97.222 359.179
214.756 97.207 359.327
187.994 140.731 450.618
214.604 97.243 359.703
214.477 97.296 359.979
188.003 140.814 450.796
214.495 97.245 359.95
214.518 97.288 360.162
187.988 140.961 450.707
214.568 97.561 360.716
214.478 97.751 361.268
188.002 140.956 450.525
214.419 98.289 362.568
187.963 140.804 450.264
214.583 98.625 363.114
188.026 141.186 450.46
188.109 141.431 450.683
214.831 98.818 363.178
187.992 141.414 450.572
187.663 140.932 451.07
181.944 107.722 246.666
182.344 106.418 247.0
187.534 140.88 450.951
182.965 104.972 247.651
183.091 104.077 248.605
187.511 140.64 450.72
182.974 103.177 249.014
182.979 102.402 248.872
187.71 141.363 451.121
182.822 100.903 249.377
187.675 141.227 451.162
182.944 100.471 249.69
183.108 100.211 250.549
187.698 141.418 451.229
183.025 99.985 251.038
183.148 99.231 251.288
187.605 140.971 450.789
182.893 98.749 252.071
182.806 98.173 252.465
187.553 141.129 450.864
182.833 97.484 252.962
183.307 96.537 253.493
187.563 141.217 450.91
183.63 95.752 253.586
183.909 95.269 254.211
187.535 140.83 450.743
184.646 93.668 254.757
187.542 141.044 450.741
184.871 93.333 255.167
184.869 93.588 256.255
187.507 140.556 450.608
184.857 92.913 256.335
184.938 92.686 256.649
187.651 140.98 450.733
184.956 92.626 257.003
184.814 92.735 257.386
187.607 141.019 450.646
184.435 92.735 257.435
184.006 93.382 258.31
187.644 141.046 450.692
183.717 93.428 258.168
183.278 93.723 258.448
187.475 140.732 450.527
182.394 93.945 259.018
187.391 140.167 450.325
181.794 93.829 259.329
181.575 93.349 259.511
187.339 140.129 450.374
181.539 92.826 259.368
181.483 92.221 259.677
181.434 91.692 259.712
181.464 91.354 259.989
181.365 90.781 260.233
181.338 90.593 260.444
180.855 90.35 260.58
210.24 88.456 377.48
180.639 90.433 260.969
210.606 88.454 376.485
212.085 87.988 374.121
179.609 84.372 264.875
183.078 86.11 265.012
183.457 86.108 264.603
182.965 86.271 264.641
182.699 86.07 264.81
183.325 85.449 264.789
183.376 85.609 265.625
183.488 85.627 266.061
183.566 84.999 266.249
183.252 85.026 266.682
183.047 85.305 267.886
182.808 85.101 268.056
182.409 84.958 268.318
182.098 84.599 268.26
181.51 84.722 268.549
181.324 84.569 268.439
181.297 84.559 268.43
181.601 84.601 268.544
175.146 84.367 269.88
174.447 84.396 269.922
174.035 84.541 269.928
173.305 84.798 269.884
172.858 84.681 269.498
172.532 84.723 269.359
172.28 84.526 268.954
172.2 84.433 269.0
171.856 84.541 269.255
171.438 84.536 269.326
171.209 84.913 269.727
170.463 85.045 269.523
169.814 85.256 269.44
169.078 85.188 268.859
168.626 85.157 268.638
168.028 85.043 267.926
167.598 84.907 267.694
166.804 85.01 266.992
166.516 85.042 266.495
165.992 85.296 265.788
165.801 85.351 265.351
165.872 86.039 265.26
165.875 86.295 264.596
165.517 86.203 263.74
165.105 85.77 262.55
164.833 85.662 261.83
164.699 85.659 261.312
164.477 85.991 260.757
164.156 85.291 258.885
163.703 84.96 257.13
163.494 85.082 256.379
163.242 85.344 255.803
162.771 85.159 254.759
162.459 85.314 254.101
161.551 85.434 252.522
161.11 85.367 251.659
160.303 85.192 250.407
159.837 85.235 249.825
158.963 84.546 248.989
158.315 84.427 248.753
157.788 84.186 248.458
157.176 83.765 247.956
156.898 84.004 247.877
156.492 84.127 247.453
156.397 84.486 247.302
156.41 84.604 246.877
156.472 84.918 247.001
156.428 85.179 246.858
156.335 85.336 246.475
156.395 85.733 246.423
156.646 85.909 246.386
157.628 86.704 246.412
223.241 137.23 360.424
222.861 137.307 360.452
222.145 138.126 361.058
221.5 138.906 361.565
221.208 139.624 361.274
221.217 140.544 361.446
221.296 141.062 361.569
221.545 141.227 361.31
221.794 141.455 361.031
222.049 141.854 360.79
222.188 141.809 360.307
222.402 141.612 359.789
222.373 141.649 359.831
222.231 141.353 359.589
221.986 141.127 360.206
221.434 140.474 360.678
221.428 139.77 361.829
220.942 138.633 364.713
220.87 138.371 364.939
220.764 138.48 365.55
220.851 138.566 366.034
220.916 138.705 366.259
221.026 138.773 366.331
220.966 138.902 366.484
163.589 87.514 249.563
164.978 85.677 249.39
220.802 138.627 366.303
165.709 84.48 249.474
166.622 83.643 249.688
220.606 138.779 366.995
167.49 83.05 250.045
168.475 82.965 250.627
220.372 138.588 366.744
170.125 82.169 251.944
220.116 138.665 367.275
170.25 82.236 252.127
170.15 82.705 253.041
219.922 138.146 367.52
170.048 82.554 253.285
169.966 82.405 253.395
219.874 137.907 367.937
169.665 82.095 253.639
169.648 82.058 254.19
219.754 137.494 368.468
169.428 82.003 254.826
169.399 81.83 254.948
219.589 137.487 368.959
168.927 81.706 256.398
219.626 137.239 369.162
168.782 81.753 256.746
219.546 136.985 369.38
168.826 82.021 257.505
169.049 82.227 257.977
219.173 136.734 369.512
169.2 82.262 258.366
169.433 81.914 259.157
169.447 81.528 259.624
169.718 81.785 260.676
215.617 131.27 364.05
169.98 82.015 261.762
170.562 82.361 263.064
214.17 136.757 371.874
170.665 82.461 263.357
170.756 82.506 263.925
170.713 83.061 265.087
170.552 83.602 265.893
170.631 83.975 266.567
170.908 84.952 268.022
171.059 85.373 268.99
171.162 85.694 269.651
171.257 86.026 270.686
171.136 86.234 271.568
170.943 86.457 272.593
170.5 86.677 273.426
170.128 86.787 273.843
169.673 86.603 274.152
169.588 86.675 274.36
169.325 86.67 274.732
169.222 86.937 275.122
168.508 85.305 273.378
168.472 85.591 273.89
168.129 85.501 274.015
167.632 85.198 273.452
167.513 85.492 273.761
158.551 84.826 271.31
154.523 87.848 269.651
155.374 88.244 269.371
157.076 88.814 268.735
158.095 89.35 268.847
159.183 90.389 269.003
159.746 90.627 268.624
160.103 90.988 268.325
160.615 91.004 267.888
161.188 91.08 267.678
161.429 90.811 267.248
161.629 90.308 266.753
161.757 90.294 266.676
161.953 90.213 266.829
162.23 90.471 267.015
162.559 90.599 267.121
162.848 90.809 267.558
163.039 91.444 268.383
162.99 91.683 268.556
163.012 91.776 268.615
163.079 91.954 268.718
163.185 92.026 268.815
163.221 92.226 268.812
163.651 92.558 269.226
163.722 92.558 269.158
163.637 92.81 269.49
163.856 92.822 269.939
163.724 92.756 269.677
163.587 92.947 269.403
164.191 94.004 267.121
164.473 94.096 266.946
167.82 95.017 264.776
169.274 93.454 263.347
169.655 93.115 263.307
170.276 91.75 262.569
170.805 91.277 262.751
171.223 91.077 262.676
171.808 90.902 262.737
172.19 90.673 262.688
172.746 90.46 262.7
173.444 89.783 262.665
173.702 89.672 262.366
173.835 89.278 262.082
173.769 89.416 261.859
173.659 89.277 261.668
173.312 88.721 261.741
173.13 88.281 261.953
172.952 87.328 262.522
173.017 86.854 263.613
173.145 86.207 264.293
173.583 85.61 265.461
175.79 85.417 268.941
188.811 87.874 387.161
188.745 88.103 386.769
188.531 88.279 386.169
188.693 88.918 386.351
188.879 89.372 385.91
189.182 89.691 385.502
189.423 89.984 385.1
189.533 90.178 384.681
190.004 90.373 384.368
190.25 90.43 384.014
190.907 90.6 383.741
190.85 96.606 389.514
190.862 96.578 389.795
190.817 96.543 389.613
190.777 96.478 389.658
190.772 96.504 389.554
190.928 96.715 389.574
190.968 96.761 389.782
172.161 91.896 281.837
191.177 96.662 390.007
172.106 91.909 281.784
172.184 91.914 281.787
172.182 91.881 281.95
172.102 91.842 281.967
171.909 91.917 282.039
171.776 92.232 282.164
171.763 92.324 282.1
171.787 92.733 282.128
171.761 92.237 281.29
171.795 92.28 281.002
171.798 92.536 280.915
171.709 92.595 281.088
171.522 92.49 280.882
171.26 92.643 281.003
171.326 92.554 280.618
171.144 92.551 280.591
170.854 92.937 280.925
170.755 92.97 280.673
170.537 93.096 280.624
170.363 92.889 280.036
170.211 92.958 279.821
170.059 92.966 279.567
169.818 93.033 279.577
169.668 93.119 279.341
169.672 93.24 279.145
169.823 93.618 279.256
169.691 93.429 278.51
169.703 93.923 278.595
169.562 94.209 278.666
169.391 94.227 278.359
169.3 94.547 278.215
169.048 94.763 278.283
168.776 95.372 278.788
168.891 95.728 278.68
168.984 95.846 278.302
169.554 95.886 277.605
169.707 95.94 277.497
169.645 95.967 277.483
169.758 96.125 277.363
169.61 96.256 277.554
169.593 96.364 277.598
169.513 96.284 277.341
169.745 96.607 277.257
170.046 96.393 276.716
170.51 96.171 276.534
170.938 95.96 276.302
170.891 96.03 276.681
170.805 96.392 276.965
170.77 96.625 277.017
171.122 96.958 276.932
171.672 97.25 277.104
171.729 97.284 276.904
171.575 97.524 276.959
171.604 97.606 277.061
171.555 97.608 276.972
171.527 97.736 277.047
171.82 97.739 277.137
172.469 97.519 277.581
212.457 129.507 407.338
212.159 129.524 406.591
212.045 129.415 405.499
212.047 129.33 404.074
212.039 129.414 402.622
212.096 129.353 401.126
212.67 129.532 398.318
212.795 129.611 397.184
212.713 129.686 396.595
228.072 144.501 398.574
228.749 144.325 401.29
229.431 143.911 404.081
229.405 143.845 405.935
228.909 144.17 408.148
228.161 144.323 411.076
227.922 144.609 412.898
230.138 144.727 415.423
233.759 144.112 417.667
237.206 143.904 417.767
239.377 143.44 417.103
244.351 141.555 413.788
248.053 141.699 412.862
250.496 141.794 411.085
247.462 141.16 408.126
246.057 141.018 406.715
245.323 140.372 403.54
245.514 140.248 402.446
245.57 139.954 400.997
245.598 139.978 399.309
245.582 140.062 397.503
245.267 140.32 395.359
245.156 140.673 393.13
245.178 140.728 391.239
245.052 140.81 389.547
244.924 140.615 388.12
244.37 140.368 387.12
241.954 139.689 384.88
241.415 139.669 383.63
241.172 139.79 382.644
240.863 139.723 381.382
240.485 139.233 378.771
240.287 139.001 377.624
239.895 138.535 376.887
239.581 138.097 376.076
239.122 137.92 375.75
238.494 137.325 375.048
238.336 136.854 374.646
238.36 136.325 374.042
238.381 135.821 373.982
238.381 135.372 373.959
238.362 134.975 374.422
238.228 134.69 374.735
238.166 134.392 374.902
237.695 133.528 376.158
185.919 135.581 450.264
239.251 135.017 385.048
185.989 135.586 450.498
161.871 85.215 253.1
157.189 86.239 246.407
221.38 140.035 361.209
169.553 82.249 251.377
168.664 82.127 257.35
170.674 84.434 267.14
166.794 84.523 272.394
163.008 91.152 267.96
169.971 92.621 263.186
174.113 85.297 266.6
190.808 96.712 389.681
171.529 92.756 281.084
169.403 94.47 278.341
170.799 96.123 276.814
212.355 129.425 399.546
250.528 140.932 409.239
240.599 139.571 380.161
238.187 136.229 387.894
187.028 135.655 450.166
187.058 135.498 449.406
187.285 135.07 447.859
186.112 135.638 450.63
237.659 136.412 389.865
186.205 135.759 451.075
237.044 136.674 391.462
186.296 135.536 450.856
186.425 135.811 450.987
186.558 135.916 450.837
186.698 135.897 450.764
186.748 135.768 450.549
186.745 135.4 450.127
238.895 137.741 404.083
186.99 135.72 450.307
239.517 137.657 405.425
186.864 135.385 449.803
240.092 137.357 406.104
186.966 135.628 450.157
240.443 137.327 405.977
240.622 137.15 405.64
186.995 135.475 449.762
240.906 136.867 405.428
187.099 135.446 449.611
241.14 137.071 405.51
187.144 135.513 449.595
241.405 136.939 405.022
187.105 135.379 449.305
241.527 136.808 404.608
187.103 135.452 449.415
241.653 136.902 403.891
187.144 135.74 449.479
241.748 136.522 403.119
187.191 135.74 449.542
241.777 136.146 402.713
186.924 135.13 449.512
241.825 135.87 402.108
241.785 135.32 401.126
186.997 135.634 449.337
241.597 135.005 400.758
186.981 135.813 449.218
241.421 134.027 399.456
186.872 135.654 449.108
241.34 134.342 399.97
186.846 135.443 448.969
241.231 134.02 399.304
186.988 135.526 448.763
240.979 133.617 398.789
187.082 135.493 448.349
240.833 133.104 398.703
187.207 135.379 448.08
240.609 132.816 398.466
187.223 134.942 447.796
240.26 132.634 398.531
240.052 132.636 398.468
187.346 135.338 448.043
239.782 132.45 398.195
187.38 135.485 448.111
239.575 132.397 397.834
187.524 135.596 448.224
239.469 132.494 398.016
187.443 135.302 448.027
239.453 132.225 397.416
187.48 135.492 447.998
239.274 131.979 397.577
187.522 135.45 448.059
239.208 131.911 397.207
187.371 135.402 447.936
239.496 131.676 396.429
187.308 135.422 448.042
239.688 131.485 396.108
187.245 135.497 448.219
187.097 135.816 448.164
139.876 125.948 308.8
140.43 126.033 309.028
140.807 125.895 309.07
141.361 125.735 308.789
141.82 125.546 308.988
141.906 125.462 308.706
142.114 125.372 308.551
142.149 125.251 308.164
142.378 125.385 308.352
142.459 125.373 308.402
142.755 125.329 308.399
143.069 125.346 308.756
143.282 125.145 308.621
144.709 125.463 309.998
145.059 125.473 309.966
145.29 125.253 309.936
145.441 125.152 310.13
148.869 123.906 310.201
149.064 123.659 310.092
149.126 123.13 309.866
149.244 122.908 309.575
149.329 122.992 309.761
149.568 122.987 309.749
149.626 122.895 309.645
149.758 122.89 309.666
149.969 122.989 309.664
150.052 122.933 309.565
150.157 122.937 309.597
150.22 123.045 309.664
150.327 122.969 309.705
150.329 122.747 309.467
150.4 122.622 309.323
150.325 122.592 309.469
150.309 122.543 309.193
150.209 122.567 308.415
150.445 122.989 308.105
150.271 122.954 307.344
150.297 122.776 306.619
150.288 122.826 306.214
152.736 121.624 301.548
152.848 121.645 301.092
152.895 121.617 300.73
152.913 121.891 300.54
152.971 121.798 300.124
153.154 121.767 299.651
152.796 120.964 296.592
152.648 119.38 295.195
152.324 114.672 284.848
152.071 114.484 284.018
151.86 114.407 283.839
151.827 114.237 283.116
151.314 113.459 281.49
151.017 113.129 281.137
150.998 113.083 280.988
151.156 113.054 280.672
151.251 113.151 280.734
151.003 112.646 280.101
151.075 112.669 280.29
150.91 112.234 279.491
151.03 112.254 279.236
150.384 110.664 276.307
149.11 106.162 275.105
149.228 106.274 274.966
149.209 106.096 275.004
149.408 105.574 274.797
149.562 105.68 275.276
149.567 105.451 275.01
147.437 115.366 299.114
147.267 115.373 298.622
147.284 115.321 298.462
147.167 115.335 298.398
147.044 115.172 298.365
146.971 115.133 298.285
146.783 115.245 298.606
146.766 115.183 298.566
146.512 115.108 298.411
146.277 115.245 298.548
146.019 115.214 298.567
145.917 115.278 298.698
145.567 115.393 298.893
145.275 115.721 299.035
145.039 115.876 298.728
144.944 116.287 298.754
144.785 116.505 298.612
144.676 116.647 298.436
145.775 124.893 310.265
150.261 122.521 309.118
151.726 114.152 282.995
147.331 115.45 298.966
144.567 116.43 298.031
131.879 122.404 292.217
132.604 112.709 275.076
133.584 109.373 259.254
144.683 113.08 270.836
230.549 145.344 402.867
235.67 141.949 409.6
232.488 141.784 402.825
239.975 119.763 446.844
248.61 123.398 448.324
242.346 129.644 451.019
255.946 132.61 445.494
208.119 147.456 475.67
144.487 116.084 297.384
144.437 116.502 298.694
143.961 116.294 298.404
141.079 117.274 300.235
139.013 118.029 299.213
138.261 118.934 299.177
137.974 119.2 298.743
136.452 118.8 296.001
135.644 119.215 295.79
134.366 119.826 294.821
133.445 120.436 294.397
132.725 121.036 293.973
131.956 121.763 293.52
131.654 121.944 292.695
131.759 121.967 292.426
132.022 122.2 292.591
131.881 122.197 292.163
132.146 122.636 292.325
131.571 122.348 290.798
131.225 121.719 289.914
131.005 120.606 288.548
130.834 119.792 287.193
130.855 119.025 286.174
130.829 118.94 285.611
130.881 118.714 284.388
130.901 118.244 283.139
131.005 117.683 282.1
131.603 116.835 281.112
131.908 116.149 280.08
132.497 115.546 279.586
132.87 114.562 278.473
132.813 113.704 277.0
132.781 113.305 276.567
132.439 112.946 275.63
132.539 115.267 271.029
132.623 115.179 271.321
132.676 114.926 271.246
132.796 114.846 270.996
133.134 114.466 270.812
133.504 114.198 270.683
133.891 114.109 270.963
133.955 113.888 270.837
134.093 113.883 270.939
134.211 113.925 270.873
134.24 113.939 270.79
134.218 113.782 270.813
134.521 113.71 271.441
134.513 113.454 270.879
134.822 113.257 271.154
134.932 112.921 270.888
136.694 112.664 272.092
136.864 112.582 272.23
137.031 112.755 272.669
137.234 112.476 272.267
138.005 112.227 272.56
138.857 112.021 272.586
145.482 112.136 271.569
145.799 112.114 271.619
146.03 112.295 272.052
145.788 112.533 271.664
145.654 112.687 271.139
145.742 112.721 271.508
145.639 112.906 270.966
145.494 113.043 270.601
145.41 113.163 270.772
145.123 113.165 270.813
145.029 113.077 270.888
144.758 113.149 270.866
144.539 113.222 270.537
144.473 113.279 270.506
144.432 113.429 270.922
144.414 113.432 271.424
144.251 113.265 271.708
137.189 108.597 290.407
232.693 146.373 402.995
233.057 146.46 402.122
233.136 146.726 401.329
233.091 146.615 400.126
233.046 146.589 399.598
232.855 146.315 399.296
232.481 145.982 398.921
232.194 145.765 399.173
231.385 145.575 400.15
230.962 145.437 400.867
230.614 144.79 400.698
230.622 145.121 403.305
230.797 144.964 403.966
231.648 144.711 405.327
232.716 144.608 407.07
234.191 144.464 409.329
235.833 144.121 410.926
235.797 143.601 412.272
235.069 143.019 413.246
234.245 141.966 413.099
233.974 142.015 414.261
233.957 141.725 414.403
234.167 140.4 412.157
234.352 141.308 413.536
234.826 141.377 413.037
235.038 141.506 412.274
235.322 142.149 410.838
235.546 142.0 410.062
235.977 141.532 409.384
235.736 141.671 412.823
235.343 141.234 413.597
234.662 141.351 415.338
234.418 141.291 415.822
234.243 141.108 416.235
233.857 141.209 416.097
233.599 141.54 415.457
233.218 142.081 414.225
233.204 142.785 413.174
233.315 144.208 410.976
233.848 144.934 406.833
233.363 144.676 404.536
232.744 144.596 403.937
232.155 143.911 403.123
232.102 143.099 402.66
232.367 142.652 402.658
232.422 141.264 403.007
232.24 140.864 403.622
232.251 140.235 405.776
232.081 139.906 407.246
230.744 139.322 407.954
228.025 132.491 399.065
239.65 124.006 465.651
239.15 124.158 464.431
238.386 123.889 464.068
237.849 123.307 464.154
237.624 122.894 463.825
237.868 122.174 462.555
238.421 121.589 460.525
239.046 121.289 457.616
239.569 120.921 453.852
239.61 120.612 450.938
239.69 120.302 449.09
241.214 119.091 444.958
242.304 118.672 443.053
243.816 118.253 441.609
245.11 118.039 439.953
245.816 117.942 438.834
246.127 117.763 438.073
246.179 117.909 437.702
245.977 117.865 437.608
245.724 118.142 437.876
245.573 118.145 438.159
245.221 118.271 439.045
244.888 118.239 440.151
244.77 118.401 441.919
244.765 118.823 443.452
245.29 119.405 445.554
246.524 120.915 447.186
247.603 122.024 448.265
249.551 124.623 448.048
250.425 126.447 447.265
250.917 127.51 446.193
251.274 128.201 445.076
251.624 128.751 444.353
251.931 129.06 443.694
252.065 129.285 443.249
252.184 129.411 443.178
252.5 129.067 443.388
252.87 129.087 444.886
252.991 129.272 445.778
253.04 129.623 446.831
252.979 129.78 447.617
252.761 129.981 447.797
252.128 130.422 447.535
249.941 131.451 446.626
246.89 131.26 445.999
238.415 127.333 460.503
247.066 123.789 462.049
249.941 123.886 460.623
252.351 124.594 458.463
254.045 126.255 455.995
253.913 127.308 454.008
252.926 128.552 451.656
257.662 128.95 455.347
256.554 129.084 457.494
253.497 128.821 460.995
251.612 129.47 460.729
250.266 130.43 457.43
250.812 131.193 454.847
251.768 131.763 452.099
253.146 132.296 449.657
254.239 132.687 448.35
255.165 132.65 446.77
256.827 132.2 444.49
257.743 131.564 443.666
258.954 130.77 443.049
264.12 132.036 443.922
263.327 131.827 444.809
262.464 131.823 445.892
260.852 131.996 448.15
259.58 132.107 449.666
258.754 131.852 450.371
257.991 131.566 451.26
257.594 131.195 452.102
206.614 146.8 473.911
206.719 146.772 473.967
206.779 146.441 473.615
207.137 147.095 474.09
207.21 146.604 474.151
207.699 147.321 475.069
209.151 146.502 475.947
209.278 146.561 475.869
209.261 146.08 475.64
209.412 146.746 475.594
209.442 145.256 475.021
209.489 145.099 474.835
209.525 144.978 474.544
209.442 144.815 474.153
209.304 145.28 474.153
209.153 145.664 473.783
208.979 145.44 473.576
208.824 145.474 473.053
208.646 145.183 472.801
208.561 144.761 472.846
208.612 145.024 473.013
208.425 144.85 473.301
208.479 145.383 473.372
208.139 145.439 473.457
211.016 148.21 479.025
211.792 145.499 479.748
211.888 145.532 480.049
212.039 144.582 480.069
211.975 145.446 480.071
211.505 145.541 479.773
211.935 144.402 479.319
211.941 144.124 479.183
211.839 144.799 479.271
211.809 143.698 478.953
211.768 143.757 479.012
211.229 145.796 479.553
212.044 143.909 479.642
211.557 145.805 479.958
211.83 146.064 479.938
212.955 143.771 479.708
212.147 145.572 479.757